3
285.27 291.26 441.84
375.68 396.66 493.12
162.09 385.96 94.33
172.43 57.82 289.41
382.31 216.19 73.90
108.56 306.11 241.32
415.15 111.37 168.70
466.07 25.70 217.82
17.17 469.88 46.95
483.76 142.83 463.29
240.06 428.10 254.54
181.91 303.78 151.20
175.03 465.87 37.17
269.36 138.30 94.99
58.77 20.61 311.18
132.67 129.16 117.29
373.99 44.32 228.66
42.69 10.39 254.36
260.50 27.55 224.24
307.45 11.31 367.07
270.74 251.37 295.17
25.28 433.28 98.96
176.48 108.31 64.82
213.65 377.67 203.12
308.64 436.44 223.73
119.82 69.11 352.89
237.11 443.10 397.21
465.76 485.78 407.59
220.12 246.29 435.14
444.36 53.74 446.46
311.43 324.47 197.83
106.61 349.75 131.11
205.56 26.23 239.42
270.39 239.89 117.09
473.51 48.52 53.53
197.23 168.34 122.63
50.12 405.45 65.73
447.33 371.21 51.51
354.92 91.33 297.80
290.07 35.69 351.54
236.52 347.12 176.01
434.35 453.73 25.76
65.46 159.30 52.00
304.88 429.68 291.88
421.96 403.19 340.41
475.49 100.42 8.75
98.12 150.55 414.19
163.85 97.88 285.40
215.37 452.80 376.73
13.17 242.87 412.42
364.71 479.39 259.54
40.72 413.74 213.27
66.49 479.20 372.57
118.49 284.07 302.25
410.37 206.04 205.44
250.78 181.52 305.86
259.53 279.64 456.41
173.72 443.50 54.29
459.13 158.86 7.08
335.86 172.03 249.95
248.28 36.74 229.34
7.82 77.46 143.08
221.09 143.95 122.27
93.66 262.44 406.35
395.91 172.81 112.38
101.35 423.59 293.90
407.22 183.12 73.55
363.63 356.84 17.04
417.91 315.97 175.91
425.00 151.83 347.94
174.95 400.10 384.68
404.28 407.92 462.14
47.36 129.01 106.09
169.63 222.67 368.53
75.98 118.58 41.34
188.36 219.93 464.93
482.26 127.15 148.05
55.81 490.77 4.89
72.85 408.68 320.86
248.76 333.68 472.69
96.70 8.63 372.80
481.37 412.91 280.72
443.52 460.27 409.73
49.61 129.90 132.40
418.14 205.88 250.98
459.48 394.23 470.91
424.40 376.50 98.06
72.45 432.31 88.83
77.35 5.16 497.51
398.21 253.92 331.19
370.91 350.62 339.82
243.70 331.99 252.73
24.42 275.51 213.00
434.16 325.11 342.90
66.56 243.25 48.78
317.54 202.72 443.01
288.45 127.13 319.51
386.50 199.58 251.81
475.33 276.93 256.97
